
testje pp1,0 vanaf 0.0
  tijden, encs, corr
=====================
RTC clock 30.5 usec
 10 stapjes 6550  = 20 msec (OK)

BEGIN: (per 0.2 sec, 10 stapjes)
1ste     :             423
2de      : 934 - 432 = 502
3de      :1445 - 934 = 511
vanaf 5  : 678 - 167 = 511
  dus na 15*0.02=0.3 sec al op snelheid.
  
EINDE:
100 stapjes (encs) van te voren begint de PD regeling in te vallen.
 dat is 0.2 seconde voor het einde
 
dus vanaf 0.1 sec tot 100 stapjes van het doel moet de bescherming werken
bescherming:
 volle snelheid is 500 stapjes per 0.2 seconde
 afbreken bij minder dan 200 stapjes?

hoelangvalue   grens
 1:    179      500
 3:    508      900
 4:    669     1100
 6:    997     1500
10:   1656     2300
per stap: 164
formule:
 300 + n*200
met halve stapjes
 300 + n*100

656, -1, -100
1310, 18, -100
1965, 62, -60
2620, 115, -60
3275, 167, -60
3931, 219, -60
4585, 270, -60
5240, 321, -60
5895, 372, -60
6550, 423, -60
7205, 474, -60
7860, 525, -60
8515, 576, -60
9170, 627, -60
9825, 678, -60
10480, 729, -60
11135, 780, -60
11790, 831, -60
12445, 882, -60
13100, 934, -60
13755, 985, -60
14410, 1036, -60
15065, 1087, -60
15720, 1138, -60
16375, 1189, -60
17030, 1240, -60
17685, 1291, -60
18341, 1343, -60
18995, 1394, -60
19652, 1445, -60
20305, 1496, -60
20960, 1547, -60
21615, 1598, -60
22270, 1649, -60
22929, 1701, -60
23580, 1752, -60
24235, 1803, -60
24890, 1854, -60
25545, 1905, -60
26200, 1956, -60
26855, 2007, -60
27510, 2059, -60
28165, 2110, -60
28820, 2161, -60
29475, 2212, -60
30130, 2263, -60
30785, 2314, -60
31441, 2366, -60
32095, 2417, -60
32750, 2468, -60
33405, 2519, -60
34060, 2570, -60
34715, 2621, -60
35370, 2672, -60
36027, 2724, -60
36680, 2775, -60
37335, 2826, -60
37990, 2877, -60
38645, 2928, -60
39300, 2980, -60
39955, 3031, -60
40610, 3082, -60
41265, 3133, -60
41920, 3185, -60
42575, 3236, -60
43230, 3287, -60
43885, 3338, -60
44540, 3390, -60
45195, 3441, -60
45851, 3492, -60
46506, 3544, -60
47160, 3595, -60
47815, 3646, -60
48470, 3697, -60
49125, 3749, -60
49780, 3800, -60
50435, 3851, -60
51091, 3903, -60
51745, 3954, -60
52400, 4005, -60
53055, 4056, -60
53710, 4108, -60
54365, 4159, -60
55020, 4210, -60
55675, 4262, -60
56330, 4313, -60
56985, 4364, -60
57640, 4415, -60
58295, 4467, -60
58950, 4518, -60
59605, 4569, -60
60260, 4620, -60
60915, 4672, -60
61570, 4723, -60
62225, 4774, -60
62880, 4825, -60
63535, 4877, -60
64190, 4928, -60
64845, 4979, -60
65501, 5031, -60
66155, 5082, -60
66810, 5133, -60
67465, 5184, -60
68120, 5236, -60
68775, 5287, -60
69430, 5338, -60
70085, 5389, -60
70740, 5441, -60
71395, 5492, -60
72050, 5543, -60
72705, 5594, -60
73360, 5646, -60
74015, 5697, -60
74670, 5748, -60
75325, 5799, -60
75980, 5851, -60
76635, 5902, -60
77290, 5953, -60
77945, 6004, -60
78600, 6056, -60
79255, 6107, -60
79910, 6158, -60
80565, 6209, -60
81220, 6261, -60
81875, 6312, -60
82530, 6363, -60
83185, 6414, -60
83841, 6466, -60
84495, 6517, -60
85150, 6568, -60
85805, 6619, -60
86461, 6671, -60
87115, 6722, -60
87770, 6773, -60
88425, 6824, -60
89080, 6876, -60
89735, 6927, -60
90390, 6978, -60
91045, 7029, -60
91700, 7081, -60
92355, 7132, -60
93010, 7183, -60
93666, 7235, -60
94320, 7286, -60
94975, 7337, -60
95630, 7388, -60
96285, 7440, -60
96940, 7491, -60
97595, 7542, -60
98250, 7594, -60
98905, 7645, -60
99560, 7696, -60
100215, 7747, -60
100870, 7799, -60
101525, 7850, -60
102180, 7901, -60
102835, 7952, -60
103490, 8004, -60
4278294225, 8055, -60
4278294880, 8106, -60
4278295535, 8157, -60
4278296190, 8209, -60
4278296845, 8260, -54
4278297500, 8310, 45
4278298155, 8335, 60
4278298810, 8326, 47
4278299465, 8300, -13
4278300120, 8283, -42
4278300775, 8288, -21
4278301430, 8302, 11
4278302085, 8309, 21
4278302740, 8305, 8
4278303395, 8298, -7
4278304050, 8296, -9
4278304705, 8298, -3
4278305360, 8300, 1
4278306015, 8300, 0
4278306670, 8300, 0
4278307325, 8300, 0
4278307980, 8300, 0
4278308635, 8300, 0
4278309290, 8300, 0
4278309945, 8300, 0
4278310600, 8300, 0
4278311255, 8300, 0
4278311910, 8300, 0
4278312565, 8300, 0
4278313220, 8300, 0
4278313875, 8300, 0
4278314531, 8300, 0
4278315185, 8300, 0
4278315840, 8300, 0
4278316495, 8300, 0
4278317150, 8300, 0
4278317805, 8300, 0
4278318460, 8300, 0
4278319115, 8300, 0
4278319770, 8300, 0
4278320425, 8300, 0
4278321080, 8300, 0
0, 0, 0
0, 0, 0
0, 0, 0
0, 0, 0
0, 0, 0
0, 0, 0
0, 0, 0
0, 0, 0
0, 0, 0
0, 0, 0
0, 0, 0
0, 0, 0
0, 0, 0
